[CO_P]
filter    = 'M-WIDE'
echelle   = 62.59 
crossdisp = 36.59
norders   = 2
wrange1   = [4.713,4.784] 
yrange1   = [359,460]
wrange2   = [5.025,5.1005] 
yrange2   = [734,834]
A1        = [4.711393,4.711182] 
B1        = [6.628459e-05,6.616581e-05]
C1        = [2.829484e-09,2.972068e-09] 
R1        = [29939.0,26543.0]
A2        = [5.023287,5.023259] 
B2        = [7.017811e-05,6.996475e-05]
C2        = [3.777289e-09,3.799448e-09] 
R2        = [31224.0,24555.0]

[CO_Ice]
filter    = 'M-WIDE'
echelle   = 61.15 
crossdisp = 36.55
norders   = 2
wrange1   = [4.646994,4.720] 
yrange1   = [298,415]
wrange2   = [4.954114,5.032] 
yrange2   = [669,773]
A1        = [4.646994,4.646584] 
B1        = [6.912122e-05,6.921067e-05]
C1        = [3.233343e-09,3.194168e-09] 
R1        = [29939.0,29760.0]
A2        = [4.954114,4.953861] 
B2        = [7.434956e-05,7.433691e-05]
C2        = [3.033480e-09,3.022110e-09] 
R2        = [29970.0,29993.0]

[HF]
filter    = 'NIRSPEC-7'
echelle   = 62.01
crossdisp = 37.08
norders   = 3
wrange1   = [2.3440,2.3799] 
yrange1   = [50,165]
wrange2   = [2.4188,2.4559] 
yrange2   = [240,350]
wrange3   = [2.4987,2.5372] 
yrange3   = [425,530]
A1        = [2.344108,2.343877] 
B1        = [3.349023e-05,3.352523e-05]
C1        = [1.554394e-09,1.564485e-09] 
R1        = [29337.0,28778.0]
A2        = [2.418899,2.418693] 
B2        = [3.468329e-05,3.473307e-05]
C2        = [1.6126008e-09,1.601693e-09] 
R2        = [27375.0,25663.0]
A3        = [2.498738,2.498589] 
B3        = [3.591072e-05,3.587577e-05]
C3        = [1.691223e-09,1.740089e-09] 
R3        = [28426.0,29173.0]
