[NH3]
filter    = ' '
echelle   = 58.418
crossdisp = -15.007
norders   = 9
scenters  = [17,44,72,99,127,155,182,209,236]
wcenters  = [928.396,929.058,929.721,930.383,931.045,931.707,932.369,933.031,933.694]
deltaws   = [0.0028945312,0.002898437,0.002898437,0.0029023437,0.00290234375,0.0029023437,0.00290625,0.0029062,0.00291015625]
orderw    = 15
